                 2-ary                  3-ary                   4-ary
1000 elements:   0.00127301             0.0009938019999999998   0.0009296700000000002
2000 elements:   0.0026686870000000007  0.0021814309999999993   0.0018935780000000001
3000 elements:   0.004047603999999998   0.003212436999999999    0.0028691589999999987
4000 elements:   0.005530542            0.004554070000000001    0.004227387
5000 elements:   0.007325382999999999   0.005377640000000001    0.005211730000000001
6000 elements:   0.008296216000000002   0.007028403000000001    0.006144775000000004
7000 elements:   0.010017443000000004   0.008075785             0.007115655000000007
8000 elements:   0.011964472000000014   0.009082226000000002    0.00850143300000001
9000 elements:   0.012691412            0.010369612999999998    0.008728435999999977
10000 elements:  0.01495743000000001    0.011283043             0.010149086000000019